[14443 Type B]
Q = 4.000000
Noise Att = 0.000000
m = 4.000000
Порядок фильтра = 3
BIt Rate = 32.000000
Gain = 2.000000
Type noise = 0
BI_R = 31.000000
BI_C = 0.020000
BI_L = 0.000013
BM_R = 27.000000
BM_C = 0.021000
BM_L = 0.000011
Inter = 30.000000
Tag = 25.000000

[Felica]
Q = 4.000000
Noise Att = 0.000000
m = 4.000000
Порядок фильтра = 3
BIt Rate = 32.000000
Gain = 2.000000
Type noise = 0
BI_R = 31.000000
BI_C = 0.020000
BI_L = 0.000013
BM_R = 27.000000
BM_C = 0.021000
BM_L = 0.000011
Inter = 30.000000
Tag = 30.000000

[156933]
Q = 4.000000
Noise Att = 0.000000
m = 4.000000
Порядок фильтра = 3    
BIt Rate = 32.000000    
Gain = 4.000000    
Type noise = 1    
BI_R = 31.000000    
BI_C = 0.020000    
BI_L = 0.000013    
BM_R = 27.000000    
BM_C = 0.021000    
BM_L = 0.000011    
Inter = 30.000000    
Tag = 100.000000    

[14443 Type A]
Q = 4.000000
Noise Att = 0.000000
m = 4.000000
Порядок фильтра = 3
BIt Rate = 32.000000
Gain = 4.000000
Type noise = 0
BI_R = 1.000000
BI_C = 0.010000
BI_L = 0.000010
BM_R = 1.000000
BM_C = 0.010000
BM_L = 0.000010
Inter = 10.000000
Tag = 100.000000